cifid,point
8000219,0.2122897364002965
8000277,0.17583061510874093
8045302,0.19432044006441224
8000008,0.1457341241853022
8000012,nan
8000023,0.16785811544705528
8000049,0.20721499539750518
8000056,0.1543428221372757
8000095,0.17617750613817684
8000104,nan
8000105,0.20190153404127098
8000118,0.10440091131345282
8000149,0.18180659476555183
8000174,0.2296501637841931
8000181,0.23315298787041608
8000185,0.18374957804008543
8000187,0.22196966570910726
8000197,0.2107039004556659
8000205,0.2307224283014866
8000207,0.20628445170865328
8000208,0.20389038727487155
8000218,0.21227209915648504
8000245,0.16138467362090145
8000254,0.16794957144079603
8000256,0.20843544493760205
8000258,0.18559605468735307
8000262,nan
8000278,nan
8000280,0.17849494379618389
8000281,0.13369018737438526
8000294,0.12442353311571301
8013876,nan
8035701,nan
8035976,nan
8045398,0.21199568721654358
8045486,0.2192945714078577
8045969,0.128566956772312
8321454,0.1254189059080245
8045553,0.19233626790443376
8045575,0.24001859361037406
8000022,nan
8000061,nan
8000068,nan
8000070,nan
8000083,0.19473882485105676
8000085,nan
8000099,0.18321440824648402
8000102,nan
8000114,nan
8000151,nan
8000175,nan
8000176,0.20008128585418666
8000193,0.1411224120042024
8000196,0.22787692151918185
8000202,0.2228691941181416
8000214,0.2313315084427901
8000215,0.21414874041466003
8000220,0.23464452648405912
8000221,0.17082704385948405
8000240,0.22783540300435706
8000257,0.22286632216788826
8000265,nan
8009060,nan
8012138,nan
8013807,0.13510232184876453
8020558,nan
8021222,nan
8021381,nan
8022958,nan
8024665,0.16253078381772246
8024794,0.25603355428482166
8025224,0.17007477138760158
8028603,0.20912153746178858
8028661,nan
8033366,nan
8036290,0.22325317571555467
8036302,nan
8036513,0.22079726707226158
8037185,0.2692953673483382
8037674,0.1948620396698753
8037711,0.26382098814927557
8043639,0.18972583632156206
8045573,0.14630453317810288
8047113,0.15496545240664109
8047188,0.15088894647780543
8047217,0.197251141139322
8047363,nan
8047639,nan
8047644,0.1531027326155886
8048025,0.1510529914091677
8077240,nan
8122133,nan
8157942,0.14293144344833034
8122362,nan
8000217,0.1438746790590534
8000267,0.18469710594464303
8000269,0.189925234373535
8000276,0.19869833743854617
8000279,0.20958720253562946
8000163,0.2446306541087135
