cifid,point
8000219,0.6148171806316748
8000277,0.4923175596385056
8045302,0.48852729145679347
8000008,0.40157207815742174
8000012,nan
8000023,0.4759105395833689
8000049,0.6064709213357927
8000056,0.41417665622370986
8000095,0.5226560810889608
8000104,nan
8000105,0.6038440000678342
8000118,0.31893568132995875
8000149,0.5078263342592337
8000174,0.5428453234078282
8000181,0.5791465088034256
8000185,0.5034229807090793
8000187,0.5464885452755703
8000197,0.5908654454807214
8000205,0.5916752254906344
8000207,0.5844349200796752
8000208,0.538458061732178
8000218,0.6459694284337311
8000245,0.41414771956678703
8000254,0.46899969136339187
8000256,0.5398358780712597
8000258,0.5245601848558539
8000262,nan
8000278,nan
8000280,0.5382926874749568
8000281,0.4222898529830121
8000294,0.4392472377861427
8013876,nan
8035701,nan
8035976,nan
8045398,0.6529309936040999
8045486,0.5420800808633836
8045969,0.4175316921853238
8321454,0.3716263653901642
8045553,0.5144804761638577
8045575,0.6004874950666453
8000022,nan
8000061,nan
8000068,nan
8000070,nan
8000083,0.5148682954614306
8000085,nan
8000099,0.4854389591960988
8000102,nan
8000114,nan
8000151,nan
8000175,nan
8000176,0.5489666129385934
8000193,0.3898543431941811
8000196,0.5716393510209269
8000202,0.5785719610513491
8000214,0.6021170647977048
8000215,0.5428634407321292
8000220,0.6106954091475705
8000221,0.4552441975867874
8000240,0.5831821273427223
8000257,0.659908610236967
8000265,nan
8009060,nan
8012138,nan
8013807,0.38542846603228786
8020558,nan
8021222,nan
8021381,nan
8022958,nan
8024665,0.4345107782485649
8024794,0.6439148924337819
8025224,0.47401108289698596
8028603,0.5560270202142266
8028661,nan
8033366,nan
8036290,0.6488414921064366
8036302,nan
8036513,0.6036537598138423
8037185,0.6731006048044801
8037674,0.5445103881769592
8037711,0.7138589708677348
8043639,0.4834461612376987
8045573,0.45356507704845983
8047113,0.42523122356569515
8047188,0.39282109751574074
8047217,0.5575744059484513
8047363,nan
8047639,nan
8047644,0.5397562193825156
8048025,0.4262346381354926
8077240,nan
8122133,nan
8157942,0.4772336409989597
8122362,nan
8000217,0.44621835224126216
8000267,0.49216411839431945
8000269,0.4372289977531807
8000276,0.5456105262245009
8000279,0.6345812700154133
8000163,0.6553773746651026
